1 0
2 0
3 0
4 4
5 2
6 0
7 0
8 0
9 8
10 0
11 6
12 0
13 0
14 4
15 0
16 8
17 2
18 0
19 16
20 0
21 0
22 0
23 14
24 4
25 0
26 0
27 0
28 0
29 10
30 20
31 0
32 20
33 16
34 4
35 6
36 0
37 0
38 0
39 32
40 0
41 2
42 0
43 0
44 4
45 0
46 0
47 30
48 0
49 8
50 8
51 0
52 0
53 2
54 4
55 0
56 0
57 0
58 0
59 22
60 0
61 40
62 24
63 0
64 28
65 42
66 0
67 32
68 0
69 8
70 0
71 14
72 0
73 0
74 4
75 0
76 0
77 2
78 0
79 64
80 0
81 0
82 0
83 6
84 12
85 0
86 0
87 0
88 0
89 10
90 0
91 0
92 20
93 0
94 4
95 62
96 0
97 0
98 20
99 16
100 0
101 18
102 0
103 0
104 4
105 0
106 0
107 6
108 0
109 8
110 0
111 0
112 0
113 2
114 4
115 0
116 0
117 0
118 8
119 46
120 0
121 0
122 0
123 80
124 4
125 50
126 56
127 0
128 56
129 56
130 0
131 86
132 0
133 0
134 4
135 64
136 0
137 2
138 0
139 16
140 0
141 0
142 0
143 30
144 4
145 0
146 0
147 0
148 0
149 10
150 0
151 0
152 8
153 0
154 24
155 6
156 0
157 0
158 0
159 128
160 0
161 2
162 0
163 0
164 24
165 0
166 0
167 14
168 0
169 24
170 36
171 0
172 0
173 2
174 4
175 0
176 0
177 0
178 0
179 22
180 0
181 0
182 0
183 0
184 4
185 42
186 8
187 0
188 24
189 8
190 0
191 126
192 0
193 0
194 28
195 0
196 0
197 42
198 0
199 32
200 0
201 0
202 0
203 38
204 24
205 0
206 0
207 0
208 0
209 10
210 0
211 0
212 0
213 0
214 4
215 14
216 20
217 0
218 0
219 16
220 8
221 2
222 0
223 0
224 4
225 0
226 0
227 6
228 0
229 8
230 20
231 0
232 0
233 2
234 4
235 0
236 0
237 16
238 0
239 94
240 0
241 0
242 0
243 0
244 4
245 2
246 0
247 160
248 0
249 8
250 0
251 102
252 0
253 112
254 140
255 0
256 144
257 114
258 0
259 112
260 0
261 0
262 0
263 174
264 4
265 0
266 0
267 0
268 0
269 10
270 0
271 128
272 0
273 0
274 4
275 6
276 0
277 0
278 20
279 32
280 0
281 2
282 0
283 0
284 4
285 0
286 0
287 62
288 8
289 8
290 0
291 0
292 0
293 2
294 4
295 0
296 20
297 0
298 0
299 22
300 0
301 0
302 0
303 0
304 4
305 18
306 0
307 0
308 0
309 48
310 0
311 14
312 0
313 0
314 28
315 0
316 0
317 2
318 0
319 256
320 0
321 0
322 8
323 6
324 28
325 0
326 0
327 0
328 0
329 50
330 0
331 0
332 0
333 0
334 4
335 30
336 0
337 0
338 0
339 48
340 40
341 74
342 0
343 0
344 4
345 0
346 0
347 6
348 0
349 8
350 0
351 0
352 0
353 2
354 4
355 0
356 8
357 0
358 0
359 46
360 0
361 0
362 20
363 0
364 4
365 2
366 0
367 0
368 0
369 8
370 0
371 86
372 0
373 16
374 4
375 0
376 0
377 50
378 0
379 16
380 56
381 0
382 0
383 254
384 4
385 0
386 56
387 0
388 0
389 58
390 8
391 0
392 0
393 0
394 4
395 86
396 0
397 0
398 0
399 64
400 0
401 2
402 20
403 0
404 4
405 0
406 0
407 78
408 0
409 48
410 0
411 0
412 0
413 2
414 4
415 0
416 0
417 0
418 0
419 22
420 0
421 0
422 0
423 0
424 12
425 2
426 0
427 0
428 20
429 8
430 0
431 30
432 0
433 40
434 4
435 0
436 0
437 2
438 0
439 32
440 24
441 16
442 0
443 6
444 4
445 0
446 0
447 0
448 0
449 10
450 0
451 0
452 0
453 0
454 76
455 14
456 0
457 0
458 8
459 16
460 0
461 42
462 0
463 0
464 24
465 0
466 0
467 6
468 0
469 8
470 0
471 0
472 0
473 2
474 4
475 32
476 0
477 0
478 0
479 190
480 0
481 0
482 0
483 0
484 4
485 2
486 0
487 0
488 0
489 8
490 0
491 6
492 8
493 0
494 24
495 320
496 0
497 2
498 0
499 16
500 0
501 0
502 0
503 206
504 4
505 0
506 0
507 224
508 0
509 282
510 252
511 0
512 252
513 288
514 4
515 230
516 0
517 0
518 0
519 224
520 0
521 2
522 0
523 0
524 4
525 0
526 28
527 350
528 0
529 8
530 0
531 0
532 0
533 2
534 4
535 0
536 0
537 0
538 0
539 22
540 0
541 0
542 0
543 256
544 4
545 2
546 0
547 0
548 0
549 8
550 0
551 14
552 0
553 0
554 4
555 0
556 0
557 42
558 0
559 64
560 28
561 0
562 0
563 6
564 4
565 0
566 24
567 0
568 0
569 10
570 0
571 0
572 0
573 0
574 4
575 126
576 0
577 16
578 0
579 16
580 0
581 2
582 0
583 0
584 124
585 0
586 0
587 6
588 20
589 8
590 0
591 0
592 0
593 42
594 12
595 0
596 0
597 0
598 0
599 46
600 0
601 0
602 0
603 0
604 4
605 2
606 0
607 0
608 0
609 8
610 0
611 38
612 0
613 0
614 24
615 0
616 0
617 2
618 0
619 96
620 0
621 0
622 0
623 30
624 4
625 0
626 20
627 0
628 8
629 58
630 0
631 0
632 0
633 0
634 60
635 6
636 0
637 0
638 0
639 512
640 0
641 2
642 0
643 0
644 60
645 16
646 0
647 14
648 0
649 56
650 20
651 0
652 0
653 2
654 4
655 0
656 0
657 0
658 0
659 102
660 0
661 0
662 8
663 0
664 4
665 2
666 0
667 0
668 0
669 8
670 0
671 62
672 0
673 0
674 4
675 0
676 0
677 2
678 0
679 96
680 0
681 80
682 132
683 150
684 4
685 0
686 0
687 0
688 0
689 10
690 0
691 0
692 44
693 0
694 4
695 14
696 8
697 0
698 0
699 16
700 0
701 2
702 0
703 0
704 4
705 0
706 0
707 6
708 0
709 8
710 0
711 0
712 20
713 18
714 28
715 0
716 0
717 0
718 0
719 94
720 0
721 0
722 0
723 0
724 4
725 42
726 0
727 0
728 0
729 8
730 8
731 6
732 0
733 0
734 4
735 0
736 0
737 2
738 0
739 16
740 0
741 0
742 0
743 174
744 4
745 0
746 0
747 32
748 0
749 10
750 0
751 0
752 0
753 0
754 4
755 102
756 0
757 0
758 20
759 32
760 0
761 114
762 0
763 0
764 140
765 0
766 0
767 510
768 0
769 8
770 144
771 0
772 0
773 114
774 24
775 0
776 0
777 0
778 0
779 118
780 0
781 16
782 0
783 0
784 4
785 2
786 0
787 0
788 0
789 8
790 0
791 174
792 0
793 0
794 4
795 0
796 0
797 2
798 8
799 128
800 0
801 0
802 0
803 6
804 4
805 40
806 0
807 0
808 0
809 10
810 0
811 0
812 0
813 0
814 4
815 158
816 0
817 0
818 96
819 96
820 0
821 2
822 0
823 0
824 24
825 0
826 0
827 6
828 0
829 8
830 0
831 0
832 8
833 2
834 4
835 0
836 20
837 0
838 0
839 46
840 0
841 0
842 0
843 0
844 28
845 2
846 0
847 0
848 0
849 24
850 0
851 6
852 0
853 0
854 40
855 0
856 0
857 42
858 0
859 16
860 0
861 0
862 0
863 62
864 4
865 0
866 8
867 80
868 0
869 10
870 0
871 0
872 0
873 0
874 4
875 6
876 0
877 0
878 0
879 64
880 0
881 50
882 0
883 32
884 4
885 0
886 0
887 14
888 56
889 8
890 20
891 0
892 0
893 2
894 4
895 0
896 0
897 0
898 20
899 22
900 8
901 0
902 56
903 0
904 4
905 2
906 0
907 0
908 0
909 152
910 0
911 30
912 0
913 0
914 4
915 0
916 0
917 18
918 0
919 32
920 0
921 0
922 0
923 86
924 4
925 0
926 0
927 0
928 0
929 50
930 0
931 0
932 0
933 0
934 12
935 14
936 0
937 0
938 0
939 16
940 0
941 2
942 0
943 0
944 28
945 0
946 0
947 6
948 0
949 8
950 0
951 64
952 0
953 2
954 4
955 0
956 20
957 0
958 0
959 382
960 20
961 0
962 0
963 0
964 4
965 2
966 0
967 0
968 8
969 8
970 0
971 6
972 0
973 0
974 28
975 0
976 0
977 2
978 0
979 16
980 0
981 0
982 0
983 14
984 4
985 16
986 0
987 0
988 0
989 50
990 0
991 640
992 0
993 0
994 4
995 6
996 0
997 0
998 0
999 32
1000 0
1001 2
1002 8
1003 0
1004 4
1005 0
1006 0
1007 414
1008 0
1009 8
1010 0
1011 0
1012 0
1013 2
1014 4
1015 448
1016 0
1017 0
1018 0
1019 566
1020 0
1021 504
1022 480
1023 0
1024 484
1025 506
1026 0
1027 576
1028 0
1029 8
1030 0
1031 462
1032 0
1033 0
1034 4
1035 0
1036 8
1037 2
1038 0
1039 448
1040 0
1041 0
1042 0
1043 6
1044 4
1045 0
1046 0
1047 0
1048 0
1049 10
1050 0
1051 0
1052 0
1053 56
1054 4
1055 702
1056 0
1057 0
1058 0
1059 16
1060 0
1061 2
1062 0
1063 0
1064 4
1065 0
1066 0
1067 6
1068 0
1069 8
1070 32
1071 0
1072 0
1073 2
1074 4
1075 0
1076 0
1077 0
1078 0
1079 46
1080 0
1081 0
1082 0
1083 0
1084 24
1085 2
1086 0
1087 512
1088 20
1089 8
1090 0
1091 6
1092 0
1093 0
1094 4
1095 0
1096 0
1097 2
1098 0
1099 16
1100 0
1101 0
1102 0
1103 30
1104 36
1105 0
1106 0
1107 0
1108 0
1109 10
1110 0
1111 0
1112 0
1113 0
1114 4
1115 86
1116 0
1117 0
1118 0
1119 128
1120 0
1121 58
1122 0
1123 0
1124 4
1125 0
1126 0
1127 14
1128 0
1129 8
1130 0
1131 0
1132 0
1133 50
1134 4
1135 0
1136 0
1137 0
1138 8
1139 22
1140 0
1141 0
1142 56
1143 0
1144 4
1145 2
1146 20
1147 0
1148 0
1149 8
1150 0
1151 254
1152 0
1153 0
1154 24
1155 32
1156 0
1157 2
1158 0
1159 32
1160 56
1161 0
1162 0
1163 6
1164 4
1165 0
1166 0
1167 0
1168 0
1169 250
1170 0
1171 0
1172 8
1173 0
1174 4
1175 14
1176 0
1177 40
1178 0
1179 16
1180 0
1181 2
1182 0
1183 0
1184 4
1185 0
1186 0
1187 86
1188 0
1189 24
1190 0
1191 0
1192 0
1193 2
1194 4
1195 0
1196 60
1197 0
1198 0
1199 94
1200 0
1201 0
1202 0
1203 0
1204 4
1205 2
1206 8
1207 0
1208 20
1209 8
1210 0
1211 6
1212 0
1213 0
1214 4
1215 0
1216 0
1217 2
1218 0
1219 16
1220 20
1221 0
1222 0
1223 78
1224 4
1225 0
1226 0
1227 0
1228 0
1229 50
1230 0
1231 0
1232 0
1233 0
1234 28
1235 6
1236 0
1237 0
1238 0
1239 192
1240 8
1241 2
1242 0
1243 0
1244 4
1245 0
1246 0
1247 62
1248 0
1249 8
1250 0
1251 0
1252 0
1253 42
1254 4
1255 0
1256 0
1257 16
1258 0
1259 118
1260 0
1261 0
1262 0
1263 0
1264 4
1265 2
1266 0
1267 0
1268 0
1269 120
1270 20
1271 14
1272 0
1273 0
1274 140
1275 0
1276 0
1277 2
1278 0
1279 1024
1280 0
1281 0
1282 0
1283 6
1284 148
1285 0
1286 20
1287 0
1288 0
1289 122
1290 0
1291 32
1292 0
1293 0
1294 4
1295 30
1296 0
1297 0
1298 0
1299 112
1300 0
1301 42
1302 0
1303 0
1304 4
1305 0
1306 0
1307 6
1308 8
1309 8
1310 0
1311 0
1312 0
1313 2
1314 4
1315 0
1316 0
1317 0
1318 0
1319 206
1320 0
1321 0
1322 24
1323 0
1324 4
1325 18
1326 0
1327 0
1328 0
1329 8
1330 0
1331 6
1332 20
1333 0
1334 4
1335 0
1336 0
1337 2
1338 0
1339 16
1340 0
1341 0
1342 8
1343 126
1344 4
1345 0
1346 0
1347 0
1348 0
1349 10
1350 0
1351 0
1352 20
1353 0
1354 4
1355 6
1356 0
1357 0
1358 0
1359 192
1360 0
1361 2
1362 0
1363 160
1364 220
1365 264
1366 0
1367 302
1368 0
1369 8
1370 0
1371 0
1372 0
1373 2
1374 4
1375 0
1376 8
1377 0
1378 0
1379 22
1380 0
1381 0
1382 0
1383 0
1384 4
1385 90
1386 0
1387 0
1388 0
1389 8
1390 0
1391 30
1392 0
1393 16
1394 24
1395 0
1396 56
1397 2
1398 0
1399 32
1400 0
1401 0
1402 0
1403 6
1404 4
1405 0
1406 0
1407 0
1408 0
1409 10
1410 8
1411 0
1412 0
1413 0
1414 4
1415 14
1416 0
1417 0
1418 76
1419 16
1420 0
1421 2
1422 0
1423 0
1424 4
1425 40
1426 0
1427 38
1428 0
1429 56
1430 0
1431 0
1432 0
1433 2
1434 24
1435 0
1436 0
1437 0
1438 0
1439 190
1440 0
1441 0
1442 0
1443 0
1444 12
1445 2
1446 0
1447 0
1448 24
1449 8
1450 0
1451 86
1452 0
1453 0
1454 4
1455 0
1456 20
1457 2
1458 0
1459 16
1460 0
1461 16
1462 0
1463 14
1464 4
1465 0
1466 0
1467 0
1468 0
1469 10
1470 0
1471 0
1472 0
1473 0
1474 4
1475 6
1476 0
1477 0
1478 8
1479 32
1480 0
1481 2
1482 0
1483 0
1484 24
1485 0
1486 0
1487 350
1488 0
1489 8
1490 0
1491 0
1492 0
1493 2
1494 28
1495 64
1496 0
1497 0
1498 0
1499 22
1500 0
1501 0
1502 0
1503 0
1504 4
1505 2
1506 0
1507 0
1508 0
1509 8
1510 0
1511 206
1512 8
1513 0
1514 4
1515 0
1516 0
1517 42
1518 20
1519 64
1520 0
1521 0
1522 0
1523 230
1524 4
1525 0
1526 0
1527 0
1528 0
1529 282
1530 0
1531 0
1532 252
1533 0
1534 4
1535 1022
1536 0
1537 0
1538 252
1539 16
1540 0
1541 290
1542 0
1543 0
1544 4
1545 0
1546 8
1547 230
1548 0
1549 48
1550 20
1551 0
1552 0
1553 2
1554 4
1555 0
1556 0
1557 0
1558 0
1559 238
1560 0
1561 0
1562 0
1563 32
1564 4
1565 2
1566 0
1567 0
1568 0
1569 8
1570 0
1571 6
1572 0
1573 0
1574 28
1575 0
1576 0
1577 2
1578 0
1579 16
1580 28
1581 0
1582 0
1583 350
1584 4
1585 0
1586 0
1587 0
1588 0
1589 10
1590 0
1591 0
1592 0
1593 0
1594 4
1595 6
1596 0
1597 16
1598 0
1599 256
1600 0
1601 2
1602 0
1603 0
1604 4
1605 0
1606 0
1607 14
1608 0
1609 8
1610 0
1611 80
1612 0
1613 2
1614 12
1615 0
1616 20
1617 0
1618 0
1619 22
1620 0
1621 0
1622 0
1623 0
1624 28
1625 2
1626 0
1627 0
1628 0
1629 8
1630 0
1631 318
1632 0
1633 0
1634 4
1635 0
1636 0
1637 194
1638 0
1639 192
1640 0
1641 0
1642 20
1643 6
1644 4
1645 0
1646 0
1647 0
1648 8
1649 50
1650 56
1651 0
1652 0
1653 0
1654 4
1655 14
1656 0
1657 0
1658 0
1659 16
1660 0
1661 2
1662 0
1663 0
1664 4
1665 16
1666 0
1667 6
1668 0
1669 8
1670 0
1671 0
1672 0
1673 42
1674 4
1675 0
1676 56
1677 0
1678 0
1679 94
1680 0
1681 0
1682 28
1683 0
1684 4
1685 2
1686 0
1687 0
1688 0
1689 56
1690 0
1691 6
1692 0
1693 0
1694 4
1695 0
1696 0
1697 2
1698 0
1699 48
1700 24
1701 0
1702 0
1703 14
1704 44
1705 0
1706 0
1707 0
1708 0
1709 82
1710 0
1711 0
1712 0
1713 0
1714 4
1715 86
1716 8
1717 0
1718 0
1719 32
1720 0
1721 2
1722 0
1723 0
1724 4
1725 0
1726 0
1727 126
1728 0
1729 8
1730 0
1731 0
1732 0
1733 18
1734 4
1735 160
1736 0
1737 0
1738 0
1739 22
1740 0
1741 0
1742 0
1743 0
1744 4
1745 2
1746 0
1747 0
1748 20
1749 8
1750 8
1751 14
1752 0
1753 0
1754 124
1755 0
1756 0
1757 2
1758 0
1759 128
1760 0
1761 0
1762 0
1763 102
1764 4
1765 0
1766 20
1767 64
1768 0
1769 10
1770 0
1771 0
1772 0
1773 0
1774 4
1775 30
1776 0
1777 112
1778 0
1779 16
1780 0
1781 42
1782 0
1783 0
1784 140
1785 0
1786 0
1787 6
1788 0
1789 8
1790 0
1791 0
1792 0
1793 2
1794 4
1795 0
1796 0
1797 40
1798 144
1799 46
1800 0
1801 16
1802 0
1803 0
1804 4
1805 114
1806 0
1807 0
1808 0
1809 8
1810 0
1811 6
1812 0
1813 0
1814 24
1815 0
1816 0
1817 2
1818 8
1819 304
1820 0
1821 0
1822 0
1823 62
1824 4
1825 0
1826 24
1827 0
1828 20
1829 10
1830 0
1831 0
1832 0
1833 0
1834 4
1835 38
1836 0
1837 0
1838 0
1839 64
1840 0
1841 2
1842 0
1843 0
1844 24
1845 0
1846 0
1847 174
1848 0
1849 8
1850 0
1851 0
1852 8
1853 2
1854 4
1855 0
1856 0
1857 0
1858 0
1859 102
1860 0
1861 0
1862 0
1863 0
1864 4
1865 2
1866 0
1867 0
1868 0
1869 24
1870 0
1871 30
1872 0
1873 0
1874 4
1875 0
1876 0
1877 2
1878 0
1879 32
1880 56
1881 0
1882 0
1883 6
1884 28
1885 0
1886 8
1887 0
1888 0
1889 58
1890 20
1891 0
1892 0
1893 0
1894 4
1895 14
1896 0
1897 0
1898 0
1899 16
1900 0
1901 2
1902 0
1903 128
1904 60
1905 0
1906 0
1907 6
1908 0
1909 8
1910 0
1911 0
1912 0
1913 42
1914 4
1915 0
1916 0
1917 0
1918 0
1919 766
1920 8
1921 40
1922 0
1923 0
1924 4
1925 2
1926 0
1927 0
1928 0
1929 8
1930 0
1931 6
1932 0
1933 0
1934 60
1935 0
1936 0
1937 18
1938 0
1939 16
1940 0
1941 0
1942 0
1943 14
1944 4
1945 0
1946 20
1947 0
1948 0
1949 58
1950 0
1951 0
1952 44
1953 0
1954 12
1955 6
1956 0
1957 0
1958 0
1959 32
1960 0
1961 2
1962 0
1963 0
1964 4
1965 0
1966 0
1967 30
1968 0
1969 8
1970 0
1971 32
1972 0
1973 2
1974 4
1975 0
1976 0
1977 0
1978 0
1979 102
1980 0
1981 0
1982 0
1983 1280
1984 4
1985 2
1986 0
1987 0
1988 8
1989 8
1990 0
1991 14
1992 0
1993 0
1994 4
1995 0
1996 0
1997 2
1998 0
1999 64
2000 0
2001 0
2002 0
2003 6
2004 4
2005 16
2006 0
2007 0
2008 0
2009 10
2010 0
2011 0
2012 20
2013 0
2014 48
2015 830
2016 0
2017 0
2018 0
2019 16
2020 0
2021 2
2022 8
2023 0
2024 4
2025 0
2026 0
2027 6
2028 0
2029 8
2030 0
2031 896
2032 0
2033 2
2034 4
2035 0
2036 0
2037 0
2038 0
2039 1134
2040 0
2041 0
2042 0
2043 1008
2044 4
2045 962
2046 1056
2047 0
2048 1056
2049 968
2050 0
2051 1014
2052 0
2053 0
2054 4
2055 1152
2056 8
2057 2
2058 0
2059 16
2060 0
2061 0
2062 0
2063 926
2064 4
2065 0
2066 0
2067 0
2068 0
2069 10
2070 0
2071 0
2072 0
2073 16
2074 4
2075 6
2076 20
2077 0
2078 44
2079 896
2080 0
2081 2
2082 0
2083 0
2084 4
2085 0
2086 0
2087 14
2088 0
2089 8
2090 8
2091 0
2092 0
2093 2
2094 4
2095 0
2096 0
2097 0
2098 0
2099 22
2100 0
2101 0
2102 0
2103 0
2104 4
2105 2
2106 0
2107 112
2108 0
2109 8
2110 0
2111 1406
2112 0
2113 0
2114 4
2115 0
2116 0
2117 2
2118 0
2119 32
2120 0
2121 0
2122 0
2123 6
2124 12
2125 0
2126 0
2127 0
2128 0
2129 10
2130 0
2131 0
2132 0
2133 0
2134 4
2135 14
2136 0
2137 0
2138 20
2139 16
2140 0
2141 66
2142 0
2143 0
2144 48
2145 0
2146 0
2147 6
2148 0
2149 8
2150 0
2151 0
2152 0
2153 2
2154 4
2155 0
2156 0
2157 0
2158 64
2159 94
2160 0
2161 0
2162 0
2163 0
2164 4
2165 2
2166 0
2167 0
2168 0
2169 48
2170 0
2171 6
2172 0
2173 0
2174 4
2175 1024
2176 0
2177 42
2178 0
2179 16
2180 0
2181 0
2182 0
2183 14
2184 4
2185 0
2186 0
2187 0
2188 0
2189 10
2190 0
2191 0
2192 64
2193 0
2194 4
2195 6
2196 0
2197 0
2198 0
2199 32
2200 20
2201 2
2202 0
2203 0
2204 28
2205 0
2206 0
2207 62
2208 0
2209 72
2210 20
2211 0
2212 0
2213 2
2214 4
2215 0
2216 0
2217 0
2218 0
2219 22
2220 0
2221 0
2222 36
2223 0
2224 4
2225 2
2226 8
2227 0
2228 0
2229 8
2230 0
2231 174
2232 0
2233 0
2234 4
2235 0
2236 0
2237 2
2238 0
2239 256
2240 0
2241 0
2242 0
2243 118
2244 4
2245 0
2246 0
2247 0
2248 0
2249 10
2250 0
2251 0
2252 0
2253 0
2254 24
2255 30
2256 0
2257 0
2258 0
2259 16
2260 8
2261 2
2262 20
2263 0
2264 4
2265 0
2266 0
2267 102
2268 0
2269 8
2270 0
2271 0
2272 0
2273 2
2274 76
2275 0
2276 20
2277 16
2278 0
2279 46
2280 0
2281 0
2282 0
2283 0
2284 4
2285 114
2286 0
2287 0
2288 0
2289 8
2290 0
2291 6
2292 0
2293 40
2294 140
2295 0
2296 0
2297 2
2298 0
2299 16
2300 0
2301 0
2302 0
2303 510
2304 4
2305 0
2306 0
2307 0
2308 0
2309 50
2310 0
2311 64
2312 144
2313 0
2314 4
2315 6
2316 0
2317 0
2318 0
2319 64
2320 0
2321 114
2322 0
2323 0
2324 24
2325 0
2326 0
2327 14
2328 8
2329 8
2330 24
2331 0
2332 0
2333 2
2334 4
2335 0
2336 0
2337 0
2338 0
2339 502
2340 0
2341 0
2342 20
2343 0
2344 4
2345 18
2346 0
2347 0
2348 0
2349 8
2350 0
2351 30
2352 0
2353 0
2354 4
2355 80
2356 0
2357 2
2358 0
2359 32
2360 0
2361 0
2362 8
2363 6
2364 4
2365 0
2366 0
2367 0
2368 0
2369 10
2370 0
2371 0
2372 0
2373 0
2374 4
2375 174
2376 0
2377 0
2378 0
2379 48
2380 0
2381 2
2382 0
2383 0
2384 4
2385 0
2386 40
2387 6
2388 0
2389 8
2390 0
2391 0
2392 0
2393 122
2394 4
2395 0
2396 8
2397 0
2398 0
2399 190
2400 0
2401 0
2402 0
2403 0
2404 28
2405 2
2406 0
2407 0
2408 20
2409 8
2410 0
2411 6
2412 56
2413 16
2414 4
2415 0
2416 0
2417 42
2418 0
2419 16
2420 0
2421 0
2422 0
2423 14
2424 4
2425 0
2426 0
2427 0
2428 0
2429 10
2430 8
2431 0
2432 0
2433 0
2434 4
2435 6
2436 0
2437 0
2438 0
2439 32
2440 0
2441 42
2442 0
2443 0
2444 4
2445 0
2446 0
2447 158
2448 20
2449 8
2450 56
2451 0
2452 0
2453 2
2454 4
2455 0
2456 96
2457 0
2458 0
2459 102
2460 0
2461 0
2462 0
2463 0
2464 12
2465 2
2466 0
2467 0
2468 0
2469 56
2470 0
2471 14
2472 0
2473 0
2474 24
2475 0
2476 0
2477 2
2478 0
2479 384
2480 0
2481 16
2482 0
2483 6
2484 4
2485 0
2486 0
2487 0
2488 0
2489 10
2490 0
2491 0
2492 0
2493 0
2494 4
2495 126
2496 0
2497 0
2498 8
2499 16
2500 0
2501 2
2502 0
2503 0
2504 4
2505 0
2506 0
2507 86
2508 0
2509 8
2510 20
2511 0
2512 0
2513 2
2514 4
2515 32
2516 0
2517 0
2518 0
2519 238
2520 0
2521 0
2522 0
2523 0
2524 4
2525 2
2526 0
2527 0
2528 0
2529 8
2530 0
2531 6
2532 8
2533 0
2534 28
2535 0
2536 0
2537 2
2538 0
2539 240
2540 20
2541 40
2542 0
2543 30
2544 4
2545 0
2546 0
2547 0
2548 0
2549 282
2550 0
2551 0
2552 0
2553 0
2554 256
2555 6
2556 0
2557 0
2558 0
2559 2048
2560 0
2561 2
2562 0
2563 0
2564 256
2565 0
2566 8
2567 14
2568 0
2569 296
2570 0
2571 0
2572 20
2573 42
2574 4
2575 0
2576 0
2577 0
2578 0
2579 246
2580 0
2581 0
2582 24
2583 64
2584 4
2585 2
2586 0
2587 0
2588 0
2589 8
2590 0
2591 62
2592 0
2593 0
2594 4
2595 0
2596 0
2597 2
2598 0
2599 224
2600 8
2601 0
2602 0
2603 86
2604 4
2605 0
2606 20
2607 0
2608 0
2609 10
2610 0
2611 0
2612 0
2613 0
2614 4
2615 14
2616 0
2617 16
2618 0
2619 16
2620 0
2621 2
2622 0
2623 0
2624 4
2625 0
2626 0
2627 6
2628 0
2629 8
2630 0
2631 0
2632 0
2633 2
2634 32
2635 0
2636 0
2637 0
2638 0
2639 414
2640 0
2641 0
2642 0
2643 0
2644 4
2645 50
2646 0
2647 0
2648 0
2649 8
2650 0
2651 38
2652 0
2653 0
2654 4
2655 0
2656 0
2657 2
2658 0
2659 16
2660 0
2661 0
2662 0
2663 14
2664 48
2665 40
2666 56
2667 0
2668 8
2669 10
2670 0
2671 0
2672 20
2673 0
2674 4
2675 6
2676 0
2677 0
2678 0
2679 32
2680 0
2681 2
2682 0
2683 0
2684 4
2685 16
2686 0
2687 254
2688 0
2689 8
2690 0
2691 0
2692 0
2693 2
2694 4
2695 0
2696 20
2697 0
2698 0
2699 22
2700 0
2701 0
2702 8
2703 0
2704 4
2705 42
2706 0
2707 0
2708 80
2709 8
2710 0
2711 14
2712 0
2713 0
2714 4
2715 0
2716 0
2717 2
2718 0
2719 384
2720 0
2721 0
2722 0
2723 6
2724 4
2725 0
2726 0
2727 320
2728 0
2729 442
2730 468
2731 528
2732 0
2733 0
2734 4
2735 606
2736 8
2737 0
2738 20
2739 16
2740 0
2741 2
2742 0
2743 0
2744 4
2745 0
2746 0
2747 6
2748 0
2749 8
2750 0
2751 0
2752 0
2753 18
2754 4
2755 0
2756 0
2757 0
2758 20
2759 46
2760 0
2761 0
2762 0
2763 0
2764 4
2765 2
2766 0
2767 0
2768 0
2769 8
2770 8
2771 182
2772 0
2773 0
2774 4
2775 0
2776 0
2777 2
2778 0
2779 16
2780 0
2781 0
2782 0
2783 62
2784 4
2785 0
2786 0
2787 32
2788 0
2789 50
2790 0
2791 0
2792 0
2793 112
2794 28
2795 6
2796 0
2797 0
2798 0
2799 64
2800 0
2801 2
2802 0
2803 0
2804 160
2805 0
2806 0
2807 14
2808 0
2809 8
2810 0
2811 0
2812 0
2813 2
2814 4
2815 0
2816 0
2817 0
2818 0
2819 22
2820 20
2821 16
2822 0
2823 0
2824 4
2825 2
2826 144
2827 0
2828 0
2829 8
2830 0
2831 30
2832 0
2833 0
2834 28
2835 0
2836 0
2837 154
2838 8
2839 32
2840 0
2841 0
2842 0
2843 6
2844 4
2845 0
2846 0
2847 0
2848 0
2849 10
2850 0
2851 80
2852 0
2853 0
2854 4
2855 78
2856 0
2857 0
2858 0
2859 112
2860 0
2861 2
2862 0
2863 0
2864 4
2865 0
2866 0
2867 6
2868 0
2869 48
2870 20
2871 0
2872 8
2873 2
2874 4
2875 0
2876 0
2877 0
2878 0
2879 382
2880 0
2881 0
2882 20
2883 0
2884 4
2885 2
2886 0
2887 0
2888 0
2889 24
2890 0
2891 6
2892 0
2893 0
2894 4
2895 0
2896 0
2897 50
2898 0
2899 16
2900 0
2901 0
2902 0
2903 174
2904 4
2905 0
2906 44
2907 0
2908 0
2909 10
2910 0
2911 0
2912 0
2913 40
2914 4
2915 6
2916 0
2917 0
2918 0
2919 32
2920 56
2921 2
2922 0
2923 32
2924 124
2925 0
2926 0
2927 30
2928 0
2929 8
2930 0
2931 0
2932 0
2933 2
2934 4
2935 0
2936 20
2937 0
2938 0
2939 22
2940 8
2941 0
2942 0
2943 0
2944 24
2945 2
2946 0
2947 0
2948 0
2949 8
2950 0
2951 14
2952 0
2953 0
2954 4
2955 0
2956 0
2957 18
2958 0
2959 64
2960 24
2961 0
2962 0
2963 6
2964 4
2965 0
2966 56
2967 0
2968 0
2969 50
2970 0
2971 0
2972 0
2973 0
2974 12
2975 702
2976 0
2977 0
2978 180
2979 16
2980 0
2981 2
2982 0
2983 0
2984 4
2985 0
2986 0
2987 6
2988 0
2989 56
2990 0
2991 128
2992 0
2993 2
2994 4
2995 0
2996 0
2997 0
2998 0
2999 46
3000 0
3001 0
3002 20
3003 0
3004 4
3005 2
3006 20
3007 0
3008 8
3009 8
3010 0
3011 6
3012 0
3013 0
3014 4
3015 0
3016 0
3017 2
3018 0
3019 16
3020 0
3021 0
3022 0
3023 414
3024 4
3025 16
3026 0
3027 0
3028 0
3029 10
3030 0
3031 0
3032 0
3033 0
3034 4
3035 86
3036 0
3037 40
3038 0
3039 128
3040 0
3041 2
3042 8
3043 0
3044 4
3045 0
3046 0
3047 462
3048 0
3049 8
3050 0
3051 0
3052 0
3053 2
3054 28
3055 0
3056 0
3057 0
3058 0
3059 566
3060 0
3061 0
3062 0
3063 0
3064 4
3065 506
3066 0
3067 0
3068 480
3069 8
3070 0
3071 2046
3072 0
3073 0
3074 484
3075 0
3076 8
3077 506
3078 0
3079 32
3080 0
3081 0
3082 0
3083 582
3084 4
3085 0
3086 24
3087 0
3088 0
3089 10
3090 0
3091 0
3092 0
3093 16
3094 4
3095 462
3096 0
3097 0
3098 0
3099 96
3100 0
3101 42
3102 0
3103 0
3104 4
3105 0
3106 0
3107 6
3108 0
3109 8
3110 8
3111 0
3112 0
3113 2
3114 4
3115 0
3116 0
3117 0
3118 0
3119 478
3120 0
3121 0
3122 0
3123 0
3124 4
3125 2
3126 0
3127 64
3128 0
3129 8
3130 20
3131 6
3132 0
3133 0
3134 24
3135 0
3136 0
3137 2
3138 0
3139 16
3140 0
3141 0
3142 0
3143 14
3144 12
3145 0
3146 0
3147 0
3148 0
3149 58
3150 0
3151 0
3152 0
3153 0
3154 4
3155 6
3156 0
3157 0
3158 0
3159 32
3160 0
3161 58
3162 0
3163 0
3164 4
3165 0
3166 0
3167 702
3168 0
3169 8
3170 0
3171 0
3172 0
3173 2
3174 60
3175 0
3176 0
3177 0
3178 8
3179 22
3180 0
3181 0
3182 0
3183 0
3184 76
3185 2
3186 0
3187 0
3188 0
3189 8
3190 0
3191 14
3192 20
3193 0
3194 4
3195 32
3196 0
3197 2
3198 0
3199 512
3200 20
3201 0
3202 0
3203 6
3204 4
3205 0
3206 0
3207 0
3208 0
3209 10
3210 0
3211 0
3212 32
3213 0
3214 4
3215 30
3216 0
3217 0
3218 0
3219 16
3220 0
3221 2
3222 0
3223 160
3224 60
3225 0
3226 0
3227 6
3228 0
3229 24
3230 0
3231 0
3232 0
3233 42
3234 4
3235 0
3236 0
3237 0
3238 0
3239 46
3240 0
3241 0
3242 0
3243 0
3244 4
3245 2
3246 8
3247 0
3248 36
3249 56
3250 0
3251 6
3252 0
3253 0
3254 24
3255 0
3256 0
3257 2
3258 0
3259 16
3260 0
3261 0
3262 0
3263 638
3264 4
3265 0
3266 20
3267 0
3268 0
3269 10
3270 0
3271 0
3272 0
3273 0
3274 4
3275 390
3276 336
3277 0
3278 0
3279 384
3280 8
3281 2
3282 0
3283 0
3284 4
3285 40
3286 0
3287 14
3288 0
3289 8
3290 0
3291 0
3292 0
3293 2
3294 4
3295 0
3296 0
3297 16
3298 0
3299 102
3300 0
3301 112
3302 0
3303 0
3304 4
3305 2
3306 0
3307 0
3308 0
3309 8
3310 0
3311 30
3312 0
3313 0
3314 164
3315 0
3316 20
3317 2
3318 0
3319 32
3320 0
3321 0
3322 0
3323 6
3324 4
3325 0
3326 0
3327 0
3328 0
3329 10
3330 0
3331 32
3332 20
3333 0
3334 4
3335 14
3336 0
3337 0
3338 24
3339 16
3340 144
3341 2
3342 0
3343 0
3344 4
3345 0
3346 0
3347 86
3348 8
3349 8
3350 0
3351 0
3352 0
3353 114
3354 4
3355 0
3356 0
3357 0
3358 0
3359 190
3360 0
3361 0
3362 0
3363 0
3364 4
3365 58
3366 0
3367 0
3368 0
3369 8
3370 0
3371 6
3372 0
3373 0
3374 4
3375 0
3376 0
3377 2
3378 20
3379 112
3380 0
3381 0
3382 8
3383 14
3384 4
3385 0
3386 0
3387 0
3388 0
3389 10
3390 0
3391 0
3392 0
3393 0
3394 4
3395 6
3396 0
3397 0
3398 20
3399 96
3400 0
3401 50
3402 0
3403 0
3404 4
3405 0
3406 0
3407 30
3408 0
3409 88
3410 0
3411 0
3412 0
3413 2
3414 136
3415 0
3416 8
3417 0
3418 0
3419 166
3420 0
3421 0
3422 0
3423 0
3424 4
3425 2
3426 0
3427 0
3428 56
3429 8
3430 0
3431 174
3432 0
3433 16
3434 4
3435 0
3436 0
3437 2
3438 0
3439 64
3440 20
3441 0
3442 0
3443 6
3444 28
3445 0
3446 0
3447 0
3448 0
3449 10
3450 8
3451 0
3452 0
3453 0
3454 4
3455 254
3456 0
3457 0
3458 0
3459 16
3460 0
3461 2
3462 0
3463 0
3464 48
3465 0
3466 0
3467 38
3468 0
3469 8
3470 0
3471 320
3472 0
3473 2
3474 4
3475 0
3476 0
3477 0
3478 0
3479 46
3480 0
3481 0
3482 56
3483 0
3484 32
3485 2
3486 0
3487 0
3488 0
3489 8
3490 0
3491 6
3492 0
3493 0
3494 4
3495 0
3496 0
3497 42
3498 0
3499 16
3500 0
3501 16
3502 20
3503 30
3504 4
3505 0
3506 0
3507 0
3508 0
3509 250
3510 0
3511 0
3512 0
3513 0
3514 4
3515 6
3516 0
3517 0
3518 8
3519 256
3520 0
3521 2
3522 0
3523 0
3524 4
3525 0
3526 0
3527 206
3528 0
3529 8
3530 20
3531 0
3532 0
3533 42
3534 4
3535 128
3536 0
3537 0
3538 0
3539 22
3540 0
3541 0
3542 0
3543 0
3544 4
3545 2
3546 0
3547 0
3548 0
3549 8
3550 0
3551 62
3552 8
3553 0
3554 4
3555 224
3556 0
3557 2
3558 0
3559 32
3560 0
3561 0
3562 0
3563 86
3564 24
3565 0
3566 0
3567 0
3568 0
3569 282
3570 0
3571 0
3572 0
3573 0
3574 28
3575 14
3576 252
3577 0
3578 0
3579 16
3580 0
3581 2
3582 0
3583 0
3584 4
3585 0
3586 8
3587 6
3588 0
3589 8
3590 276
3591 0
3592 0
3593 2
3594 4
3595 80
3596 20
3597 288
3598 0
3599 94
3600 0
3601 0
3602 0
3603 32
3604 4
3605 2
3606 0
3607 0
3608 0
3609 8
3610 0
3611 230
3612 0
3613 0
3614 4
3615 0
3616 0
3617 2
3618 0
3619 16
3620 8
3621 0
3622 0
3623 14
3624 4
3625 0
3626 20
3627 0
3628 0
3629 50
3630 0
3631 0
3632 0
3633 0
3634 4
3635 6
3636 0
3637 16
3638 0
3639 608
3640 120
3641 2
3642 0
3643 0
3644 4
3645 0
3646 0
3647 126
3648 0
3649 8
3650 0
3651 0
3652 0
3653 50
3654 12
3655 0
3656 0
3657 40
3658 0
3659 22
3660 0
3661 0
3662 20
3663 0
3664 4
3665 2
3666 0
3667 0
3668 0
3669 8
3670 0
3671 78
3672 0
3673 0
3674 4
3675 0
3676 0
3677 2
3678 0
3679 128
3680 0
3681 0
3682 56
3683 6
3684 4
3685 0
3686 0
3687 0
3688 28
3689 50
3690 0
3691 0
3692 0
3693 0
3694 4
3695 350
3696 0
3697 0
3698 0
3699 16
3700 0
3701 2
3702 0
3703 0
3704 28
3705 16
3706 0
3707 6
3708 0
3709 8
3710 0
3711 0
3712 0
3713 2
3714 4
3715 0
3716 24
3717 0
3718 0
3719 206
3720 0
3721 0
3722 8
3723 0
3724 4
3725 2
3726 0
3727 0
3728 20
3729 8
3730 0
3731 6
3732 0
3733 0
3734 4
3735 0
3736 0
3737 2
3738 0
3739 48
3740 56
3741 0
3742 0
3743 62
3744 4
3745 0
3746 0
3747 0
3748 0
3749 10
3750 40
3751 0
3752 0
3753 0
3754 4
3755 6
3756 8
3757 0
3758 0
3759 64
3760 0
3761 114
3762 0
3763 0
3764 4
3765 0
3766 0
3767 14
3768 0
3769 56
3770 0
3771 0
3772 0
3773 18
3774 4
3775 0
3776 0
3777 0
3778 0
3779 118
3780 0
3781 40
3782 0
3783 0
3784 4
3785 2
3786 0
3787 0
3788 0
3789 8
3790 8
3791 30
3792 0
3793 0
3794 24
3795 0
3796 0
3797 2
3798 0
3799 32
3800 0
3801 0
3802 0
3803 6
3804 4
3805 0
3806 0
3807 256
3808 0
3809 122
3810 0
3811 0
3812 20
3813 0
3814 4
3815 14
3816 0
3817 0
3818 0
3819 16
3820 0
3821 2
3822 0
3823 0
3824 140
3825 0
3826 0
3827 86
3828 0
3829 8
3830 0
3831 0
3832 0
3833 2
3834 28
3835 0
3836 0
3837 0
3838 0
3839 1534
3840 0
3841 16
3842 24
3843 80
3844 4
3845 2
3846 0
3847 0
3848 0
3849 8
3850 0
3851 6
3852 0
3853 0
3854 212
3855 0
3856 0
3857 2
3858 8
3859 16
3860 20
3861 0
3862 0
3863 14
3864 4
3865 0
3866 0
3867 0
3868 0
3869 122
3870 0
3871 0
3872 0
3873 0
3874 24
3875 38
3876 0
3877 0
3878 0
3879 32
3880 0
3881 2
3882 0
3883 0
3884 4
3885 0
3886 0
3887 30
3888 0
3889 8
3890 0
3891 0
3892 8
3893 42
3894 24
3895 0
3896 0
3897 0
3898 0
3899 118
3900 0
3901 0
3902 0
3903 0
3904 4
3905 90
3906 0
3907 0
3908 0
3909 24
3910 0
3911 14
3912 0
3913 0
3914 4
3915 0
3916 0
3917 2
3918 0
3919 64
3920 0
3921 0
3922 0
3923 6
3924 4
3925 0
3926 28
3927 0
3928 0
3929 10
3930 0
3931 0
3932 36
3933 0
3934 4
3935 62
3936 76
3937 0
3938 0
3939 16
3940 0
3941 2
3942 0
3943 64
3944 4
3945 0
3946 0
3947 6
3948 0
3949 8
3950 0
3951 0
3952 0
3953 2
3954 4
3955 0
3956 0
3957 0
3958 0
3959 206
3960 8
3961 0
3962 0
3963 0
3964 28
3965 2
3966 0
3967 2560
3968 24
3969 8
3970 0
3971 6
3972 0
3973 0
3974 4
3975 0
3976 0
3977 18
3978 0
3979 16
3980 0
3981 0
3982 0
3983 30
3984 4
3985 0
3986 0
3987 0
3988 0
3989 10
3990 0
3991 0
3992 20
3993 0
3994 12
3995 6
3996 0
3997 0
3998 76
3999 128
4000 0
4001 2
4002 0
4003 0
4004 4
4005 0
4006 0
4007 14
4008 0
4009 8
4010 0
4011 32
4012 0
4013 2
4014 4
4015 0
4016 0
4017 0
4018 0
4019 22
4020 0
4021 0
4022 0
4023 0
4024 4
4025 42
4026 0
4027 0
4028 8
4029 96
4030 0
4031 1662
4032 0
4033 0
4034 4
4035 0
4036 0
4037 2
4038 0
4039 32
4040 0
4041 0
4042 0
4043 6
4044 4
4045 16
4046 0
4047 0
4048 0
4049 10
4050 0
4051 0
4052 0
4053 0
4054 4
4055 14
4056 0
4057 0
4058 20
4059 16
4060 20
4061 2
4062 8
4063 1792
4064 4
4065 0
4066 0
4067 6
4068 0
4069 8
4070 0
4071 0
4072 0
4073 2
4074 4
4075 0
4076 0
4077 0
4078 0
4079 2270
4080 0
4081 0
4082 0
4083 0
4084 4
4085 2
4086 0
4087 2016
4088 0
4089 8
4090 0
4091 1926
4092 0
4093 2112
4094 2068
4095 0
4096 2072
4097 2114
4098 0
4099 1936
4100 0
4101 0
4102 0
4103 2030
4104 4
4105 0
4106 0
4107 0
4108 0
4109 10
4110 0
4111 2304
4112 0
4113 16
4114 4
4115 6
4116 0
4117 0
4118 0
4119 32
4120 0
4121 2
4122 20
4123 0
4124 24
4125 0
4126 0
4127 1854
4128 0
4129 8
4130 8
4131 0
4132 0
4133 2
4134 4
4135 0
4136 0
4137 0
4138 0
4139 22
4140 0
4141 0
4142 0
4143 0
4144 4
4145 2
4146 0
4147 32
4148 0
4149 8
4150 0
4151 14
4152 0
4153 40
4154 4
4155 0
4156 0
4157 90
4158 0
4159 1792
4160 0
4161 0
4162 0
4163 6
4164 12
4165 0
4166 0
4167 0
4168 0
4169 10
4170 0
4171 0
4172 0
4173 0
4174 4
4175 30
4176 0
4177 0
4178 0
4179 16
4180 0
4181 18
4182 0
4183 0
4184 24
4185 0
4186 0
4187 6
4188 0
4189 8
4190 76
4191 0
4192 0
4193 2
4194 4
4195 0
4196 0
4197 0
4198 8
4199 46
4200 0
4201 0
4202 0
4203 0
4204 4
4205 2
4206 0
4207 0
4208 0
4209 8
4210 0
4211 6
4212 0
4213 0
4214 4
4215 224
4216 0
4217 2
4218 0
4219 16
4220 24
4221 0
4222 0
4223 2814
4224 28
4225 0
4226 0
4227 0
4228 0
4229 10
4230 0
4231 0
4232 8
4233 0
4234 4
4235 6
4236 0
4237 0
4238 0
4239 64
4240 0
4241 2
4242 0
4243 0
4244 4
4245 0
4246 20
4247 14
4248 0
4249 24
4250 0
4251 0
4252 0
4253 2
4254 4
4255 0
4256 76
4257 0
4258 0
4259 22
4260 0
4261 0
4262 0
4263 0
4264 4
4265 2
4266 8
4267 0
4268 0
4269 8
4270 0
4271 30
4272 0
4273 0
4274 40
4275 0
4276 0
4277 42
4278 0
4279 32
4280 0
4281 0
4282 0
4283 134
4284 4
4285 0
4286 0
4287 0
4288 0
4289 98
4290 0
4291 0
4292 0
4293 0
4294 4
4295 14
4296 0
4297 0
4298 0
4299 16
4300 8
4301 2
4302 0
4303 0
4304 24
4305 0
4306 0
4307 6
4308 20
4309 8
4310 0
4311 0
4312 0
4313 2
4314 4
4315 0
4316 0
4317 128
4318 0
4319 190
4320 0
4321 0
4322 20
4323 0
4324 4
4325 2
4326 0
4327 0
4328 0
4329 8
4330 0
4331 6
4332 0
4333 0
4334 140
4335 0
4336 0
4337 2
4338 0
4339 96
4340 0
4341 0
4342 0
4343 14
4344 4
4345 0
4346 24
4347 0
4348 0
4349 10
4350 0
4351 2048
4352 0
4353 0
4354 28
4355 86
4356 0
4357 0
4358 0
4359 32
4360 0
4361 2
4362 0
4363 0
4364 4
4365 0
4366 0
4367 30
4368 280
4369 8
4370 20
4371 0
4372 0
4373 2
4374 4
4375 0
4376 0
4377 0
4378 0
4379 22
4380 0
4381 0
4382 0
4383 0
4384 4
4385 130
4386 0
4387 0
4388 20
4389 8
4390 0
4391 14
4392 0
4393 0
4394 4
4395 0
4396 0
4397 2
4398 0
4399 64
4400 0
4401 40
4402 8
4403 6
4404 4
4405 0
4406 0
4407 0
4408 0
4409 58
4410 0
4411 0
4412 0
4413 0
4414 4
4415 126
4416 0
4417 0
4418 0
4419 144
4420 0
4421 42
4422 0
4423 0
4424 4
4425 0
4426 0
4427 6
4428 0
4429 8
4430 0
4431 0
4432 40
4433 2
4434 4
4435 0
4436 8
4437 0
4438 0
4439 46
4440 0
4441 0
4442 0
4443 0
4444 60
4445 74
4446 0
4447 0
4448 0
4449 8
4450 0
4451 6
4452 0
4453 16
4454 24
4455 0
4456 0
4457 2
4458 0
4459 16
4460 0
4461 0
4462 0
4463 350
4464 4
4465 0
4466 0
4467 0
4468 0
4469 10
4470 8
4471 0
4472 24
4473 0
4474 4
4475 6
4476 0
4477 0
4478 0
4479 512
4480 0
4481 2
4482 0
4483 0
4484 28
4485 0
4486 0
4487 238
4488 0
4489 8
4490 0
4491 0
4492 0
4493 2
4494 24
4495 0
4496 0
4497 0
4498 0
4499 22
4500 0
4501 0
4502 0
4503 0
4504 12
4505 2
4506 0
4507 0
4508 0
4509 48
4510 0
4511 62
4512 0
4513 0
4514 60
4515 0
4516 0
4517 2
4518 0
4519 32
4520 20
4521 16
4522 0
4523 6
4524 4
4525 40
4526 0
4527 0
4528 0
4529 10
4530 0
4531 0
4532 0
4533 0
4534 4
4535 206
4536 0
4537 0
4538 8
4539 16
4540 0
4541 2
4542 0
4543 0
4544 4
4545 0
4546 0
4547 6
4548 0
4549 152
4550 0
4551 0
4552 0
4553 42
4554 4
4555 32
4556 20
4557 0
4558 0
4559 94
4560 0
4561 0
4562 0
4563 0
4564 4
4565 2
4566 0
4567 0
4568 0
4569 8
4570 0
4571 230
4572 8
4573 0
4574 4
4575 0
4576 0
4577 2
4578 0
4579 16
4580 0
4581 0
4582 0
4583 14
4584 4
4585 0
4586 20
4587 80
4588 0
4589 282
4590 0
4591 0
4592 0
4593 0
4594 4
4595 6
4596 0
4597 0
4598 276
4599 32
4600 0
4601 2
4602 0
4603 0
4604 4
4605 0
4606 8
4607 1022
4608 0
4609 8
4610 0
4611 0
4612 0
4613 2
4614 28
4615 0
4616 252
4617 0
4618 20
4619 102
4620 0
4621 0
4622 0
4623 128
4624 4
4625 290
4626 0
4627 0
4628 0
4629 8
4630 0
4631 14
4632 0
4633 0
4634 4
4635 0
4636 0
4637 2
4638 0
4639 128
4640 8
4641 0
4642 0
4643 230
4644 4
4645 0
4646 0
4647 0
4648 0
4649 50
4650 0
4651 0
4652 20
4653 0
4654 4
4655 30
4656 0
4657 16
4658 0
4659 16
4660 0
4661 50
4662 0
4663 0
4664 4
4665 0
4666 0
4667 6
4668 0
4669 8
4670 0
4671 0
4672 0
4673 2
4674 12
4675 0
4676 0
4677 0
4678 0
4679 1006
4680 380
4681 0
4682 0
4683 0
4684 4
4685 42
4686 0
4687 0
4688 0
4689 8
4690 0
4691 38
4692 0
4693 0
4694 4
4695 0
4696 0
4697 2
4698 56
4699 16
4700 0
4701 0
4702 0
4703 62
4704 4
4705 0
4706 0
4707 0
4708 8
4709 10
4710 0
4711 160
4712 0
4713 0
4714 24
4715 6
4716 0
4717 0
4718 20
4719 64
4720 0
4721 2
4722 0
4723 0
4724 28
4725 16
4726 0
4727 14
4728 0
4729 8
4730 0
4731 0
4732 0
4733 2
4734 4
4735 0
4736 0
4737 0
4738 0
4739 22
4740 0
4741 0
4742 28
4743 0
4744 28
4745 2
4746 0
4747 0
4748 0
4749 8
4750 0
4751 350
4752 0
4753 0
4754 4
4755 0
4756 0
4757 2
4758 0
4759 96
4760 0
4761 0
4762 0
4763 6
4764 4
4765 0
4766 0
4767 0
4768 0
4769 10
4770 0
4771 0
4772 56
4773 80
4774 4
4775 14
4776 8
4777 0
4778 0
4779 16
4780 132
4781 2
4782 0
4783 0
4784 24
4785 0
4786 0
4787 246
4788 0
4789 8
4790 0
4791 0
4792 0
4793 18
4794 4
4795 0
4796 0
4797 0
4798 0
4799 382
4800 0
4801 0
4802 0
4803 0
4804 24
4805 2
4806 0
4807 0
4808 0
4809 56
4810 8
4811 6
4812 0
4813 0
4814 4
4815 0
4816 0
4817 42
4818 0
4819 16
4820 0
4821 0
4822 0
4823 14
4824 4
4825 112
4826 0
4827 32
4828 0
4829 10
4830 0
4831 0
4832 0
4833 0
4834 4
4835 86
4836 0
4837 0
4838 0
4839 32
4840 0
4841 2
4842 0
4843 0
4844 140
4845 0
4846 0
4847 30
4848 0
4849 8
4850 44
4851 0
4852 0
4853 2
4854 4
4855 0
4856 0
4857 0
4858 0
4859 22
4860 0
4861 16
4862 0
4863 0
4864 4
4865 2
4866 20
4867 0
4868 0
4869 8
4870 0
4871 14
4872 0
4873 0
4874 28
4875 0
4876 0
4877 2
4878 8
4879 64
4880 0
4881 0
4882 144
4883 86
4884 4
4885 0
4886 0
4887 0
4888 0
4889 10
4890 0
4891 0
4892 0
4893 0
4894 4
4895 318
4896 0
4897 40
4898 0
4899 16
4900 0
4901 114
4902 0
4903 0
4904 4
4905 0
4906 0
4907 6
4908 0
4909 8
4910 0
4911 0
4912 8
4913 194
4914 4
4915 0
4916 20
4917 0
4918 0
4919 206
4920 0
4921 0
4922 0
4923 0
4924 4
4925 2
4926 0
4927 0
4928 20
4929 24
4930 0
4931 6
4932 0
4933 0
4934 4
4935 0
4936 0
4937 2
4938 0
4939 112
4940 0
4941 0
4942 0
4943 30
4944 4
4945 0
4946 8
4947 0
4948 0
4949 50
4950 0
4951 0
4952 56
4953 0
4954 4
4955 6
4956 0
4957 0
4958 36
4959 768
4960 0
4961 2
4962 0
4963 32
4964 4
4965 0
4966 0
4967 14
4968 0
4969 8
4970 0
4971 0
4972 0
4973 2
4974 4
4975 0
4976 24
4977 0
4978 0
4979 22
4980 8
4981 0
4982 20
4983 0
4984 4
4985 2
4986 0
4987 0
4988 0
4989 8
4990 20
4991 254
4992 0
4993 0
4994 4
4995 0
4996 0
4997 18
4998 0
4999 32
5000 0
5001 0
5002 0
5003 6
5004 76
5005 0
5006 0
5007 0
5008 0
5009 10
5010 0
5011 0
5012 0
5013 0
5014 12
5015 174
5016 0
5017 0
5018 0
5019 16
5020 0
5021 42
5022 0
5023 0
5024 4
5025 0
5026 0
5027 6
5028 0
5029 8
5030 56
5031 64
5032 0
5033 2
5034 4
5035 0
5036 0
5037 0
5038 0
5039 478
5040 0
5041 0
5042 0
5043 0
5044 4
5045 2
5046 0
5047 0
5048 28
5049 8
5050 0
5051 6
5052 20
5053 0
5054 4
5055 0
5056 0
5057 2
5058 0
5059 16
5060 0
5061 0
5062 0
5063 14
5064 4
5065 16
5066 0
5067 0
5068 0
5069 58
5070 0
5071 0
5072 0
5073 0
5074 4
5075 6
5076 0
5077 0
5078 0
5079 480
5080 0
5081 42
5082 8
5083 80
5084 4
5085 0
5086 0
5087 62
5088 0
5089 8
5090 0
5091 0
5092 0
5093 2
5094 4
5095 0
5096 0
5097 0
5098 0
5099 566
5100 0
5101 0
5102 24
5103 0
5104 4
5105 2
5106 0
5107 0
5108 0
5109 512
5110 0
5111 14
5112 0
5113 0
5114 484
5115 0
5116 8
5117 2
5118 0
5119 4096
5120 0
5121 0
5122 0
5123 6
5124 484
5125 0
5126 0
5127 0
5128 0
5129 514
5130 0
5131 0
5132 0
5133 16
5134 28
5135 30
5136 0
5137 0
5138 0
5139 592
5140 0
5141 2
5142 0
5143 0
5144 4
5145 40
5146 0
5147 86
5148 0
5149 8
5150 8
5151 0
5152 0
5153 2
5154 4
5155 0
5156 0
5157 0
5158 0
5159 494
5160 0
5161 0
5162 0
5163 0
5164 4
5165 50
5166 0
5167 128
5168 0
5169 8
5170 0
5171 6
5172 0
5173 0
5174 4
5175 0
5176 20
5177 2
5178 0
5179 16
5180 20
5181 0
5182 0
5183 126
5184 12
5185 0
5186 0
5187 0
5188 0
5189 10
5190 0
5191 0
5192 0
5193 0
5194 4
5195 6
5196 0
5197 0
5198 0
5199 448
5200 0
5201 18
5202 0
5203 0
5204 4
5205 0
5206 56
5207 174
5208 0
5209 8
5210 0
5211 0
5212 0
5213 42
5214 4
5215 0
5216 0
5217 0
5218 8
5219 22
5220 0
5221 0
5222 0
5223 0
5224 4
5225 2
5226 0
5227 0
5228 24
5229 8
5230 0
5231 30
5232 0
5233 0
5234 4
5235 32
5236 0
5237 2
5238 20
5239 32
5240 0
5241 0
5242 0
5243 6
5244 4
5245 0
5246 20
5247 0
5248 0
5249 10
5250 0
5251 0
5252 8
5253 0
5254 4
5255 14
5256 0
5257 0
5258 0
5259 16
5260 0
5261 2
5262 0
5263 0
5264 124
5265 0
5266 0
5267 6
5268 0
5269 64
5270 0
5271 0
5272 0
5273 2
5274 4
5275 0
5276 0
5277 0
5278 0
5279 830
5280 0
5281 0
5282 0
5283 0
5284 4
5285 2
5286 8
5287 0
5288 56
5289 8
5290 0
5291 102
5292 0
5293 0
5294 4
5295 0
5296 0
5297 2
5298 0
5299 16
5300 56
5301 0
5302 0
5303 78
5304 4
5305 0
5306 0
5307 0
5308 0
5309 10
5310 0
5311 0
5312 20
5313 0
5314 4
5315 6
5316 0
5317 0
5318 0
5319 32
5320 8
5321 2
5322 0
5323 0
5324 4
5325 0
5326 0
5327 30
5328 0
5329 96
5330 0
5331 80
5332 0
5333 114
5334 4
5335 0
5336 0
5337 16
5338 0
5339 22
5340 0
5341 0
5342 0
5343 0
5344 4
5345 42
5346 0
5347 0
5348 0
5349 8
5350 0
5351 14
5352 0
5353 0
5354 164
5355 0
5356 0
5357 2
5358 0
5359 64
5360 0
5361 0
5362 20
5363 6
5364 4
5365 0
5366 0
5367 0
5368 0
5369 10
5370 0
5371 32
5372 0
5373 0
5374 4
5375 510
5376 0
5377 0
5378 20
5379 16
5380 0
5381 2
5382 0
5383 0
5384 4
5385 0
5386 0
5387 6
5388 8
5389 8
5390 0
5391 0
5392 0
5393 42
5394 28
5395 0
5396 144
5397 0
5398 0
5399 46
5400 0
5401 0
5402 0
5403 0
5404 4
5405 18
5406 0
5407 0
5408 0
5409 8
5410 0
5411 86
5412 0
5413 0
5414 4
5415 0
5416 0
5417 162
5418 0
5419 16
5420 0
5421 0
5422 8
5423 30
5424 24
5425 0
5426 0
5427 0
5428 0
5429 10
5430 0
5431 0
5432 0
5433 0
5434 4
5435 6
5436 0
5437 0
5438 0
5439 768
5440 0
5441 2
5442 0
5443 0
5444 24
5445 0
5446 0
5447 14
5448 0
5449 8
5450 0
5451 0
5452 0
5453 2
5454 4
5455 640
5456 8
5457 0
5458 0
5459 886
5460 1008
5461 936
5462 0
5463 1056
5464 4
5465 2
5466 0
5467 0
5468 0
5469 8
5470 0
5471 1214
5472 0
5473 16
5474 4
5475 0
5476 0
5477 42
5478 0
5479 32
5480 24
5481 0
5482 0
5483 6
5484 4
5485 0
5486 20
5487 0
5488 0
5489 10
5490 8
5491 0
5492 0
5493 0
5494 4
5495 14
5496 0
5497 0
5498 0
5499 16
5500 0
5501 2
5502 0
5503 0
5504 4
5505 0
5506 0
5507 38
5508 0
5509 8
5510 20
5511 0
5512 0
5513 2
5514 4
5515 0
5516 0
5517 40
5518 0
5519 94
5520 0
5521 0
5522 0
5523 0
5524 36
5525 2
5526 0
5527 0
5528 0
5529 8
5530 0
5531 6
5532 0
5533 0
5534 24
5535 0
5536 0
5537 2
5538 0
5539 16
5540 0
5541 16
5542 0
5543 366
5544 4
5545 0
5546 56
5547 0
5548 20
5549 10
5550 0
5551 0
5552 0
5553 0
5554 4
5555 6
5556 0
5557 0
5558 8
5559 32
5560 0
5561 2
5562 0
5563 0
5564 4
5565 0
5566 0
5567 126
5568 0
5569 8
5570 0
5571 0
5572 0
5573 2
5574 4
5575 64
5576 20
5577 0
5578 0
5579 102
5580 0
5581 0
5582 0
5583 0
5584 4
5585 2
5586 0
5587 224
5588 0
5589 56
5590 0
5591 14
5592 8
5593 0
5594 4
5595 0
5596 0
5597 2
5598 0
5599 128
5600 0
5601 0
5602 0
5603 6
5604 4
5605 0
5606 24
5607 0
5608 0
5609 322
5610 20
5611 0
5612 0
5613 0
5614 4
5615 30
5616 0
5617 0
5618 0
5619 16
5620 252
5621 2
5622 0
5623 0
5624 4
5625 0
5626 8
5627 6
5628 0
5629 8
5630 0
5631 0
5632 0
5633 2
5634 4
5635 0
5636 0
5637 0
5638 0
5639 46
5640 0
5641 40
5642 272
5643 32
5644 4
5645 2
5646 0
5647 0
5648 0
5649 8
5650 0
5651 6
5652 0
5653 288
5654 28
5655 0
5656 0
5657 2
5658 0
5659 16
5660 8
5661 0
5662 0
5663 62
5664 4
5665 0
5666 0
5667 0
5668 0
5669 58
5670 0
5671 0
5672 20
5673 0
5674 4
5675 310
5676 0
5677 16
5678 0
5679 64
5680 0
5681 2
5682 0
5683 0
5684 4
5685 0
5686 0
5687 14
5688 0
5689 8
5690 0
5691 0
5692 0
5693 2
5694 12
5695 0
5696 0
5697 0
5698 0
5699 22
5700 0
5701 0
5702 0
5703 160
5704 4
5705 2
5706 0
5707 0
5708 20
5709 8
5710 0
5711 158
5712 0
5713 0
5714 60
5715 0
5716 0
5717 2
5718 0
5719 224
5720 0
5721 0
5722 0
5723 6
5724 4
5725 0
5726 0
5727 0
5728 8
5729 10
5730 0
5731 0
5732 96
5733 0
5734 24
5735 14
5736 0
5737 0
5738 0
5739 96
5740 0
5741 42
5742 0
5743 0
5744 4
5745 16
5746 0
5747 6
5748 0
5749 8
5750 0
5751 0
5752 0
5753 2
5754 4
5755 0
5756 0
5757 0
5758 0
5759 766
5760 0
5761 0
5762 8
5763 0
5764 4
5765 42
5766 0
5767 0
5768 0
5769 8
5770 0
5771 6
5772 0
5773 0
5774 24
5775 0
5776 0
5777 2
5778 0
5779 48
5780 0
5781 0
5782 0
5783 14
5784 28
5785 0
5786 0
5787 0
5788 0
5789 10
5790 0
5791 0
5792 0
5793 0
5794 4
5795 102
5796 48
5797 0
5798 0
5799 32
5800 0
5801 2
5802 0
5803 0
5804 60
5805 0
5806 0
5807 350
5808 0
5809 8
5810 0
5811 0
5812 0
5813 90
5814 4
5815 0
5816 0
5817 0
5818 0
5819 22
5820 0
5821 0
5822 0
5823 0
5824 4
5825 2
5826 0
5827 80
5828 0
5829 8
5830 8
5831 14
5832 0
5833 0
5834 4
5835 0
5836 0
5837 2
5838 0
5839 64
5840 20
5841 112
5842 0
5843 6
5844 4
5845 0
5846 0
5847 64
5848 0
5849 250
5850 0
5851 0
5852 0
5853 0
5854 4
5855 62
5856 0
5857 0
5858 44
5859 16
5860 0
5861 2
5862 0
5863 0
5864 140
5865 0
5866 0
5867 6
5868 0
5869 8
5870 0
5871 0
5872 0
5873 42
5874 4
5875 0
5876 0
5877 0
5878 0
5879 46
5880 0
5881 16
5882 0
5883 0
5884 4
5885 2
5886 0
5887 0
5888 0
5889 48
5890 0
5891 6
5892 0
5893 0
5894 4
5895 0
5896 0
5897 2
5898 8
5899 16
5900 0
5901 0
5902 0
5903 30
5904 4
5905 0
5906 20
5907 0
5908 0
5909 10
5910 144
5911 0
5912 0
5913 0
5914 76
5915 38
5916 0
5917 0
5918 0
5919 128
5920 20
5921 50
5922 0
5923 0
5924 4
5925 0
5926 0
5927 14
5928 0
5929 8
5930 0
5931 0
5932 8
5933 114
5934 4
5935 0
5936 0
5937 0
5938 0
5939 102
5940 0
5941 0
5942 0
5943 0
5944 24
5945 2
5946 0
5947 0
5948 0
5949 24
5950 0
5951 1406
5952 0
5953 0
5954 4
5955 0
5956 0
5957 362
5958 0
5959 32
5960 0
5961 0
5962 0
5963 6
5964 4
5965 0
5966 8
5967 0
5968 56
5969 10
5970 0
5971 0
5972 20
5973 0
5974 4
5975 14
5976 0
5977 0
5978 0
5979 112
5980 0
5981 2
5982 20
5983 256
5984 64
5985 0
5986 0
5987 6
5988 0
5989 8
5990 0
5991 0
5992 0
5993 2
5994 4
5995 0
5996 0
5997 0
5998 0
5999 94
6000 8
6001 0
6002 0
6003 0
6004 4
6005 42
6006 0
6007 0
6008 0
6009 8
6010 0
6011 6
6012 0
6013 40
6014 4
6015 0
6016 0
6017 18
6018 0
6019 16
6020 0
6021 0
6022 0
6023 14
6024 4
6025 0
6026 0
6027 0
6028 0
6029 10
6030 0
6031 0
6032 0
6033 0
6034 12
6035 6
6036 0
6037 0
6038 20
6039 32
6040 0
6041 2
6042 0
6043 0
6044 48
6045 0
6046 0
6047 830
6048 0
6049 8
6050 0
6051 32
6052 0
6053 2
6054 4
6055 0
6056 0
6057 0
6058 0
6059 22
6060 0
6061 0
6062 56
6063 0
6064 4
6065 2
6066 0
6067 0
6068 8
6069 8
6070 0
6071 174
6072 0
6073 0
6074 4
6075 80
6076 0
6077 2
6078 0
6079 256
6080 0
6081 0
6082 0
6083 6
6084 4
6085 16
6086 0
6087 0
6088 0
6089 10
6090 0
6091 0
6092 0
6093 0
6094 4
6095 926
6096 0
6097 0
6098 0
6099 16
6100 0
6101 2
6102 8
6103 0
6104 24
6105 0
6106 20
6107 6
6108 0
6109 56
6110 24
6111 0
6112 0
6113 2
6114 4
6115 0
6116 0
6117 0
6118 0
6119 1134
6120 0
6121 0
6122 0
6123 0
6124 4
6125 2
6126 0
6127 0
6128 0
6129 8
6130 0
6131 1014
6132 0
6133 0
6134 4
6135 0
6136 8
6137 962
6138 0
6139 16
6140 1056
6141 0
6142 0
6143 4094
6144 4
6145 0
6146 1056
6147 0
6148 0
6149 970
6150 0
6151 0
6152 0
6153 16
6154 4
6155 1014
6156 0
6157 0
6158 0
6159 64
6160 0
6161 2
6162 0
6163 0
6164 4
6165 0
6166 0
6167 1166
6168 20
6169 8
6170 28
6171 0
6172 0
6173 50
6174 28
6175 0
6176 0
6177 0
6178 0
6179 22
6180 0
6181 0
6182 0
6183 0
6184 4
6185 2
6186 0
6187 32
6188 0
6189 8
6190 0
6191 926
6192 0
6193 0
6194 4
6195 0
6196 0
6197 2
6198 0
6199 192
6200 0
6201 0
6202 0
6203 86
6204 12
6205 0
6206 0
6207 0
6208 0
6209 10
6210 0
6211 0
6212 0
6213 0
6214 4
6215 14
6216 0
6217 0
6218 0
6219 16
6220 0
6221 18
6222 56
6223 0
6224 4
6225 0
6226 0
6227 6
6228 0
6229 8
6230 20
6231 0
6232 0
6233 2
6234 4
6235 0
6236 44
6237 0
6238 8
6239 958
6240 0
6241 0
6242 0
6243 0
6244 4
6245 2
6246 0
6247 0
6248 0
6249 8
6250 0
6251 6
6252 0
6253 0
6254 4
6255 128
6256 0
6257 2
6258 0
6259 16
6260 0
6261 40
6262 0
6263 14
6264 4
6265 0
6266 0
6267 0
6268 0
6269 50
6270 0
6271 0
6272 8
6273 0
6274 4
6275 6
6276 0
6277 0
6278 0
6279 32
6280 0
6281 2
6282 0
6283 0
6284 4
6285 0
6286 0
6287 30
6288 0
6289 24
6290 0
6291 0
6292 20
6293 2
6294 4
6295 0
6296 0
6297 0
6298 0
6299 118
6300 0
6301 0
6302 20
6303 0
6304 28
6305 2
6306 8
6307 0
6308 0
6309 8
6310 0
6311 14
6312 0
6313 0
6314 4
6315 0
6316 0
6317 2
6318 0
6319 64
6320 56
6321 0
6322 0
6323 118
6324 4
6325 0
6326 36
6327 0
6328 0
6329 10
6330 0
6331 0
6332 0
6333 0
6334 4
6335 1406
6336 0
6337 0
6338 0
6339 16
6340 8
6341 2
6342 0
6343 0
6344 4
6345 0
6346 0
6347 6
6348 0
6349 120
6350 0
6351 0
6352 0
6353 2
6354 44
6355 0
6356 0
6357 16
6358 0
6359 46
6360 0
6361 0
6362 24
6363 0
6364 4
6365 2
6366 0
6367 0
6368 20
6369 152
6370 0
6371 6
6372 0
6373 0
6374 140
6375 0
6376 0
6377 2
6378 0
6379 16
6380 0
6381 0
6382 0
6383 30
6384 4
6385 40
6386 0
6387 0
6388 0
6389 10
6390 0
6391 64
6392 0
6393 0
6394 4
6395 6
6396 0
6397 0
6398 0
6399 1024
6400 0
6401 42
6402 0
6403 0
6404 4
6405 0
6406 0
6407 14
6408 8
6409 8
6410 0
6411 0
6412 0
6413 2
6414 4
6415 0
6416 20
6417 0
6418 0
6419 22
6420 0
6421 0
6422 0
6423 0
6424 148
6425 66
6426 0
6427 0
6428 0
6429 8
6430 0
6431 62
6432 0
6433 0
6434 144
6435 0
6436 0
6437 2
6438 0
6439 32
6440 0
6441 0
6442 8
6443 6
6444 4
6445 0
6446 0
6447 320
6448 0
6449 122
6450 0
6451 0
6452 0
6453 0
6454 4
6455 14
6456 0
6457 0
6458 0
6459 48
6460 0
6461 2
6462 0
6463 0
6464 4
6465 0
6466 0
6467 86
6468 0
6469 8
6470 0
6471 0
6472 0
6473 2
6474 4
6475 0
6476 64
6477 0
6478 40
6479 94
6480 0
6481 0
6482 0
6483 0
6484 4
6485 2
6486 0
6487 0
6488 24
6489 8
6490 0
6491 6
6492 0
6493 16
6494 4
6495 0
6496 0
6497 74
6498 0
6499 112
6500 20
6501 0
6502 0
6503 14
6504 4
6505 0
6506 0
6507 0
6508 0
6509 50
6510 8
6511 0
6512 0
6513 0
6514 4
6515 6
6516 0
6517 0
6518 0
6519 32
6520 0
6521 2
6522 0
6523 0
6524 4
6525 0
6526 0
6527 1278
6528 0
6529 8
6530 0
6531 0
6532 0
6533 42
6534 4
6535 0
6536 0
6537 0
6538 0
6539 22
6540 20
6541 0
6542 0
6543 0
6544 12
6545 2
6546 0
6547 0
6548 0
6549 8
6550 0
6551 782
6552 0
6553 672
6554 4
6555 0
6556 0
6557 2
6558 0
6559 768
6560 0
6561 16
6562 0
6563 6
6564 28
6565 0
6566 20
6567 0
6568 0
6569 10
6570 0
6571 80
6572 0
6573 0
6574 4
6575 30
6576 0
6577 0
6578 64
6579 16
6580 0
6581 2
6582 0
6583 0
6584 4
6585 0
6586 0
6587 6
6588 0
6589 8
6590 0
6591 0
6592 0
6593 2
6594 4
6595 32
6596 0
6597 0
6598 0
6599 206
6600 0
6601 0
6602 20
6603 224
6604 4
6605 2
6606 0
6607 0
6608 0
6609 8
6610 0
6611 6
6612 8
6613 0
6614 28
6615 0
6616 0
6617 2
6618 0
6619 16
6620 0
6621 0
6622 0
6623 62
6624 4
6625 0
6626 0
6627 0
6628 0
6629 330
6630 0
6631 0
6632 20
6633 40
6634 4
6635 6
6636 0
6637 0
6638 0
6639 64
6640 0
6641 2
6642 252
6643 0
6644 4
6645 0
6646 8
6647 14
6648 0
6649 8
6650 0
6651 0
6652 0
6653 2
6654 4
6655 0
6656 0
6657 0
6658 0
6659 22
6660 0
6661 0
6662 0
6663 64
6664 24
6665 42
6666 0
6667 0
6668 252
6669 8
6670 0
6671 30
6672 0
6673 0
6674 4
6675 0
6676 0
6677 50
6678 0
6679 32
6680 8
6681 288
6682 0
6683 6
6684 4
6685 0
6686 0
6687 0
6688 0
6689 10
6690 0
6691 0
6692 0
6693 0
6694 28
6695 174
6696 0
6697 16
6698 20
6699 16
6700 0
6701 2
6702 0
6703 0
6704 4
6705 0
6706 0
6707 230
6708 0
6709 8
6710 0
6711 0
6712 0
6713 2
6714 12
6715 0
6716 0
6717 0
6718 0
6719 382
6720 0
6721 0
6722 0
6723 0
6724 4
6725 2
6726 20
6727 0
6728 0
6729 8
6730 56
6731 118
6732 0
6733 0
6734 4
6735 0
6736 0
6737 2
6738 0
6739 16
6740 24
6741 0
6742 0
6743 14
6744 4
6745 0
6746 0
6747 0
6748 8
6749 10
6750 0
6751 0
6752 0
6753 0
6754 4
6755 6
6756 0
6757 40
6758 0
6759 224
6760 0
6761 2
6762 0
6763 0
6764 44
6765 16
6766 0
6767 30
6768 0
6769 8
6770 0
6771 0
6772 0
6773 2
6774 4
6775 0
6776 0
6777 0
6778 0
6779 22
6780 0
6781 0
6782 8
6783 0
6784 4
6785 2
6786 0
6787 0
6788 20
6789 8
6790 0
6791 14
6792 0
6793 0
6794 4
6795 0
6796 0
6797 42
6798 0
6799 192
6800 0
6801 0
6802 0
6803 102
6804 4
6805 0
6806 0
6807 0
6808 0
6809 10
6810 0
6811 0
6812 0
6813 0
6814 4
6815 62
6816 8
6817 0
6818 0
6819 176
6820 0
6821 2
6822 0
6823 0
6824 220
6825 0
6826 0
6827 6
6828 0
6829 272
6830 20
6831 0
6832 0
6833 18
6834 4
6835 0
6836 56
6837 0
6838 0
6839 334
6840 0
6841 0
6842 0
6843 0
6844 4
6845 2
6846 0
6847 0
6848 0
6849 8
6850 28
6851 6
6852 0
6853 0
6854 4
6855 0
6856 0
6857 114
6858 0
6859 16
6860 0
6861 0
6862 0
6863 350
6864 4
6865 0
6866 24
6867 32
6868 0
6869 10
6870 0
6871 0
6872 0
6873 0
6874 4
6875 6
6876 0
6877 0
6878 0
6879 128
6880 0
6881 42
6882 0
6883 0
6884 140
6885 0
6886 0
6887 14
6888 0
6889 56
6890 0
6891 0
6892 0
6893 2
6894 4
6895 0
6896 20
6897 0
6898 0
6899 22
6900 0
6901 16
6902 0
6903 0
6904 4
6905 2
6906 0
6907 0
6908 0
6909 8
6910 0
6911 510
6912 20
6913 0
6914 4
6915 0
6916 0
6917 2
6918 8
6919 32
6920 0
6921 0
6922 0
6923 6
6924 4
6925 0
6926 0
6927 0
6928 0
6929 98
6930 0
6931 0
6932 0
6933 0
6934 4
6935 78
6936 0
6937 0
6938 144
6939 16
6940 0
6941 2
6942 0
6943 640
6944 4
6945 0
6946 0
6947 6
6948 0
6949 8
6950 0
6951 0
6952 8
6953 2
6954 28
6955 0
6956 0
6957 0
6958 0
6959 94
6960 0
6961 0
6962 20
6963 0
6964 4
6965 114
6966 0
6967 0
6968 0
6969 64
6970 0
6971 6
6972 0
6973 0
6974 24
6975 0
6976 0
6977 2
6978 0
6979 16
6980 0
6981 0
6982 0
6983 14
6984 60
6985 0
6986 8
6987 0
6988 0
6989 10
6990 0
6991 0
6992 24
6993 0
6994 4
6995 86
6996 0
6997 0
6998 0
6999 32
7000 0
7001 2
7002 0
7003 32
7004 4
7005 40
7006 0
7007 62
7008 0
7009 8
7010 36
7011 0
7012 0
7013 2
7014 4
7015 0
7016 0
7017 0
7018 0
7019 502
7020 8
7021 0
7022 0
7023 0
7024 4
7025 2
7026 0
7027 0
7028 20
7029 8
7030 0
7031 14
7032 0
7033 0
7034 4
7035 0
7036 20
7037 18
7038 0
7039 512
7040 0
7041 0
7042 0
7043 6
7044 4
7045 0
7046 0
7047 0
7048 0
7049 10
7050 0
7051 0
