1 1
2 4
3 9
4 ?
5 15
6 36
7 49
8 64
9 ?
10 100
11 ?
12 144
13 169
14 ?
15 225
16 ?
17 199
18 324
19 ?
20 400
21 441
22 484
23 ?
24 ?
25 625
26 676
27 729
28 784
29 ?
30 ?
31 961
32 ?
33 ?
34 ?
35 ?
36 1296
37 1369
38 1444
39 ?
40 1600
41 1191
42 1764
43 1849
44 ?
45 2025
46 2116
47 ?
48 2304
49 ?
50 ?
51 2601
52 2704
53 1999
54 ?
55 3025
56 3136
57 3249
58 3364
59 ?
60 3600
61 ?
62 ?
63 3969
64 ?
65 ?
66 4356
67 ?
68 4624
69 ?
70 4900
71 ?
72 5184
73 5329
74 ?
75 5625
76 5776
77 4239
78 6084
79 ?
80 6400
81 6561
82 6724
83 ?
84 ?
85 7225
86 7396
87 7569
88 7744
89 ?
90 8100
91 8281
92 ?
93 8649
94 ?
95 ?
96 9216
97 9409
98 ?
99 ?
100 10000
101 ?
102 10404
103 10609
104 ?
105 11025
106 11236
107 ?
108 11664
109 ?
110 12100
111 12321
112 12544
113 9159
114 ?
115 13225
116 13456
117 13689
118 ?
119 ?
120 14400
121 14641
122 14884
123 ?
124 ?
125 ?
126 ?
127 16129
128 ?
129 ?
130 16900
131 ?
132 17424
133 17689
134 ?
135 ?
136 18496
137 13479
138 19044
139 ?
140 19600
141 19881
142 20164
143 ?
144 ?
145 21025
146 21316
147 21609
148 21904
149 ?
150 22500
151 22801
152 ?
153 23409
154 ?
155 ?
156 24336
157 24649
158 24964
159 ?
160 25600
161 18631
162 26244
163 26569
164 ?
165 27225
166 27556
167 ?
168 28224
169 ?
170 ?
171 29241
172 29584
173 21519
174 ?
175 30625
176 30976
177 31329
178 31684
179 ?
180 32400
181 32761
182 33124
183 33489
184 ?
185 ?
186 ?
187 34969
188 ?
189 ?
190 36100
191 ?
192 36864
193 37249
194 ?
195 38025
196 38416
197 ?
198 39204
199 ?
200 40000
201 40401
202 40804
203 ?
204 ?
205 42025
206 42436
207 42849
208 43264
209 ?
210 44100
211 44521
212 44944
213 45369
214 ?
215 ?
216 ?
217 47089
218 47524
219 ?
220 ?
221 35151
222 49284
223 49729
224 ?
225 50625
226 51076
227 ?
228 51984
229 ?
230 ?
231 53361
232 53824
233 39079
234 ?
235 55225
236 55696
237 ?
238 56644
239 ?
240 57600
241 58081
242 58564
243 59049
244 ?
245 43215
246 60516
247 ?
248 61504
249 ?
250 62500
251 ?
252 63504
253 ?
254 ?
255 65025
256 ?
