This file is formatted as follows: (n Min_Moves_Problem(n)) OR (n lower_bound <= ? <= upper_bound)

1 1
2 4
3 9
4 7
5 15
6 36
7 49
8 64
9 37
10 100
11 65
12 144
13 169
14 123
15 225
16 124
17 199
18 324
19 197
20 400
21 441
22 484
23 239 <= ? <= 305
24 375
25 625
26 676
27 729
28 784
29 443
30 180 <= ? < 900
31 961
32 205 <= ? < 1024
33 218 <= ? <= 573
34 763
35 721
36 1296
37 1369
38 1444
39 305 <= ? <= 877
40 1600
41 1191
42 1764
43 1849
44 1287
45 2025
46 2116
47 442 <= ? <= 1313
48 2304
49 1397
50 1344
51 2601
52 2704
53 1999
54 1947
55 3025
56 3136
57 3249
58 3364
59 697 <= ? <= 1901
60 3600
61 745 <= ? < 3721
62 769 <= ? < 3844
63 3969
64 820 <= ? <= 2743
65 845 <= ? <= 3015
66 4356
67 898 <= ? <= 2437
68 4624
69 2797
70 4900
71 1009 <= ? <= 3025
72 5184
73 5329
74 3675
75 5625
76 5776
77 4239
78 6084
79 1249 <= ? <= 3677
80 6400
81 6561
82 6724
83 4145
84 3579 <= ? <= 3591 (by pulp)
85 7225
86 7396
87 7569
88 7744
89 4371
90 8100
91 8281
92 1693 <= ? < 8484
93 8649
94 5947
95 1805 <= ? <= 5441
96 9216
97 9409
98 1921 <= ? < 9604
99 1961 <= ? <= 5797
100 10000
101 2041 <= ? <= 5589
102 10404
103 10609
104 7287
105 11025
106 11236
107 6913
108 11664
109 7037
110 12100
111 12321
112 12544
113 9159
114 8763
115 13225
116 13456
117 13689
118 7648
119 2833 <= ? <= 7853
120 14400
121 14641
122 14884
123 3026 <= ? < 15129
124 10375
125 3125 ? <= 11215
126 3176 <= ? < 15876
127 16129
128 3277 <= ? < 16384
129 3329 <= ? <= 9877
130 16900
131 3433 <= ? <= 10385
132 17424
133 17689
134 12123
135 3645 <= ? <= 10029
136 18496
137 13479
138 19044
139 3865 <= ? <= 11477
140 19600
141 19881
142 20164
143 4090 <= ? <= 12385
144 14007
145 21025
146 21316
147 21609
148 21904
149 12347
150 22500
151 22801
152 12732
153 23409
154 4744 <= ? <= 16027
155 14561
156 24336
157 24649
158 24964
159 5057 <= ? <= 15037
160 25600
161 18631
162 26244
163 26569
164 5380 <= ? <= 18133
165 27225
166 27556
167 5578 <= ? <= 16913
168 28224
169 5713 <= ? <= 15757
170 5780 <= ? < 28900
171 29241
172 29584
173 21519
174 20475
175 30625
176 30976
177 31329
178 31684
179 6409 <= ? <= 17853
180 32400
181 32761
182 33124
183 33489
184 22903
185 6845 <= ? <= 24615
186 19104
187 34969
188 7069 <= ? < 35344
189 21277
190 36100
191 7297 <= ? <= 22145
192 36864
193 37249
194 7528 <= ? <= 25467
195 38025
196 38416
197 7762 <= ? <= 27919
198 39204
199 7921 <= ? <= 23597
200 40000
201 40401
202 40804
203 8242 <= ? <= 22773
204 8324 <= ? <= 28167
205 42025
206 42436
207 42849
208 43264
209 24371
210 44100
211 44521
212 44944
213 45369
214 31003
215 9245 <= ? <= 28081
216 9332 <= ? < 46656
217 47089
218 47524
219 9593 <= ? <= 28597
220 26764
221 35151
222 49284
223 49729
224 33975
225 50625
226 51076
227 31313
228 51984
229 31277
230 10580 <= ? < 52900
231 53361
232 53824
233 39079
234 37083
235 55225
236 55696
237 11234 <= ? <= 31077
238 56644
239 11425 <= ? <= 31901
240 57600
241 58081
242 58564
243 59049
244 40327
245 43215
246 60516
247 12202 <= ? < 61009
248 61504
249 36997
250 62500
251 12601 <= ? <= 38305
252 63504
253 12802 <= ? < 64009
254 12904 <= ? <= 35712
255 65025
256 13108 <= ? < 65536
