5
17
41
53
77
113
137
161
173
221
233
245
281
293
317
353
365
401
413
425
437
473
485
497
521
533
545
581
605
617
641
653
665
677
701
737
785
797
821
833
845
893
905
941
953
965
977
1001
1013
1037
1061
1073
1085
1097
1145
1157
1181
1193
1205
1217
1241
1265
1277
1313
1337
1361
1373
1397
1421
1433
1445
1457
1481
1493
1505
1553
1565
1577
1601
1613
1625
1661
1685
1697
1721
1745
1757
1793
1817
1841
1853
1865
1877
1901
1925
1961
1973
1985
1997
2021
2033
2057
2081
2093
2105
2117
2153
2165
2201
2213
2225
2237
2261
2273
2297
2333
2357
2381
2405
2453
2465
2477
2501
2513
2525
2537
2561
2585
2597
2621
2633
2657
2681
2693
2717
2741
2765
2777
2801
2813
2825
2861
2873
2885
2921
2933
2945
2981
2993
3005
3017
3041
3053
3113
3125
3137
3173
3185
3197
3221
3245
3257
3281
3293
3305
3317
3341
3377
3413
3425
3437
3461
3473
3485
3521
3545
3557
3581
3593
3605
3617
3641
3665
3677
3701
3713
3725
3737
3785
3797
3821
3833
3845
3857
3881
3917
3941
3953
3965
4001
4013
4037
4061
4073
4085
4121
4133
4145
4193
4205
4217
4241
4253
4265
4301
4313
4325
4337
4361
4373
4397
4433
4457
4481
4493
4505
4517
4541
4565
4577
4601
4613
4637
4673
4697
4721
4733
4745
4757
4781
4805
4841
4853
4865
4877
4925
4937
4961
4973
4985
5033
5045
5057
5093
5105
5117
5141
5153
5177
5225
5237
5261
5273
5285
5297
5321
5357
5381
5441
5453
5465
5501
5513
5525
5537
5561
5573
5585
5597
5621
5633
5645
5657
5681
5693
5705
5717
5753
5777
5801
5825
5837
5861
5885
5897
5945
5981
5993
6041
6053
6065
6077
6101
6113
6125
6161
6185
6197
6233
6245
6257
6281
6293
6305
6317
6341
6353
6365
6377
6413
6437
6461
6473
6485
6521
6545
6557
6581
6593
6605
6617
6641
6653
6701
6713
6725
6737
6761
6773
6785
6821
6845
6893
6905
6917
6941
6953
6977
7001
7013
7025
7073
7085
7097
7121
7133
7145
7157
7205
7217
7265
7277
7301
7313
7337
7361
7373
7385
7397
7421
7493
7505
7517
7541
7553
7565
7577
7601
7613
7637
7661
7673
7697
7733
7745
7757
7781
7793
7805
7817
7841
7877
7901
7913
7925
7961
7973
8021
8033
8045
8081
8093
8105
8141
8153
8165
8177
8201
8213
8225
8237
8273
8285
8297
8321
8333
8345
8357
8393
8405
8417
8453
8477
8501
8525
8537
8561
8573
8585
8597
8621
8633
8657
8681
8705
8717
8753
8765
8801
8813
8825
8837
8861
8885
8897
8921
8933
8957
8981
8993
9005
9017
9053
9065
9101
9125
9137
9161
9185
9221
9245
9257
9293
9317
9341
9353
9365
9377
9401
9413
9425
9461
9473
9497
9521
9533
9557
9581
9593
9605
9617
9641
9653
9665
9677
9713
9725
9737
9761
9773
9785
9797
9821
9845
9881
9941
9977
